0
-1
-3
-7
-11
-16
-21
-25
-28
-28
-25
-17
-3
16
41
71
106
144
184
226
266
303
337
366
388
404
413
415
411
401
385
363
337
306
271
232
189
144
97
49
0
-50
-98
-145
-190
-233
-272
-307
-338
-364
-386
-402
-412
-416
-415
-408
-395
-377
-353
-325
-292
-254
-213
-169
-123
-75
-25
24
74
122
168
212
253
291
324
352
376
394
407
414
415
411
401
385
363
337
306
271
232
189
144
97
49
0
-50
-98
-145
-190
-233
-272
-307
-338
-364
-386
-402
-412
-416
-415
-408
-395
-377
-353
-325
-292
-254
-213
-169
-123
-75
-25
24
74
122
168
212
253
291
324
352
376
394
407
414
415
411
401
385
363
337
306
271
232
189
144
97
49
