0
-4
-10
-19
-29
-36
-38
-32
-15
12
49
92
135
173
200
210
201
172
126
68
5
-55
-103
-134
-143
-130
-97
-51
2
54
96
120
121
100
60
9
-44
-89
-117
-124
-108
-72
-23
31
79
112
124
113
81
34
-19
-69
-106
-123
-117
-89
-45
8
59
99
121
121
98
56
5
-48
-92
-118
-123
-105
-67
-17
36
83
114
124
111
77
29
-25
-74
-109
-124
-116
-87
-41
12
62
102
122
119
94
52
0
-53
-95
-120
-123
-103
-63
-13
40
86
115
123
108
73
24
-30
-78
-112
-125
-115
-84
-37
16
66
104
122
117
91
47
-6
-57
-99
-122
-122
-100
-60
-9
44
88
116
122
105
68
18
-35
-82
-114
-125
-113
-80
-32
22
71
