0
21
38
48
49
41
25
5
-16
-35
-47
-50
-44
-30
-10
12
31
45
50
46
33
15
-7
-27
-42
-50
-48
-37
-19
2
23
39
49
49
40
24
3
-18
-36
-47
-50
-43
-28
-8
14
33
46
50
45
32
13
-9
-29
-43
-50
-47
-36
-17
4
25
41
49
48
39
22
1
-20
-38
-48
-49
-42
-26
-6
16
34
46
50
44
30
11
-11
-30
-44
-50
-46
-34
-16
6
26
42
49
48
38
20
-1
-22
-39
-48
-49
-41
-25
-4
17
36
47
50
43
29
9
-13
-32
-45
-50
-46
-33
-14
8
28
43
50
47
36
18
-3
-24
-40
-49
-49
-39
-23
-2
19
37
48
50
42
27
7
-15
-33
-46
-50
-45
-31
-12
10
30
44
50
47
35
16
-5
-25
-41
-49
-48
-38
-21
0
