0
-6
-15
-23
-25
-17
-2
16
32
43
47
49
52
58
65
69
67
55
36
16
0
-8
-10
-8
-7
-10
-15
-19
-18
-7
7
16
15
4
-10
-19
-17
-6
8
17
15
4
-10
-18
-16
-5
10
18
16
4
-10
-18
-15
-3
10
18
15
3
-11
-19
-16
-4
10
17
14
2
-12
-19
-15
-3
11
18
14
2
-12
-18
-14
-1
12
18
14
1
-12
-18
-13
0
13
19
14
1
-13
-18
-13
0
12
17
12
-2
-15
-20
-14
-1
12
17
11
-2
-15
-19
-13
0
13
17
11
-3
-15
-19
-12
2
14
18
11
-3
-15
-18
-11
3
15
18
10
-4
-16
-19
-11
2
14
17
9
-5
-17
-19
-11
4
15
17
9
-5
