0
6
12
17
23
28
33
37
41
44
46
48
49
50
50
49
47
45
42
39
35
30
25
20
15
9
3
-3
-9
-15
-20
-25
-30
-35
-39
-42
-45
-47
-49
-50
-50
-49
-48
-46
-44
-41
-37
-33
-28
-23
-17
-12
-6
0
6
12
17
23
28
33
37
41
44
46
48
49
50
50
49
47
45
42
39
35
30
25
20
15
9
3
-3
-9
-15
-20
-25
-30
-35
-39
-42
-45
-47
-49
-50
-50
-49
-48
-46
-44
-41
-37
-33
-28
-23
-17
-12
-6
0
6
12
17
23
28
33
37
41
44
46
48
49
50
50
49
47
45
42
39
35
30
25
20
15
9
3
-3
-9
-15
-20
-25
-30
-35
-39
-42
-45
-47
-49
-50
-50
-49
-48
-46
-44
-41
-37
-33
-28
-23
-17
-12
-6
0
