0
36
50
35
-1
-36
-50
-34
2
37
50
33
-3
-38
-50
-33
4
38
50
32
-5
-39
-50
-31
6
39
50
30
-7
-40
-49
-30
8
41
49
29
-9
-41
-49
-28
10
42
49
27
-11
-42
-49
-26
12
43
48
25
-13
-43
-48
-25
14
44
48
24
-15
-44
-48
-23
16
45
47
22
-16
-45
-47
-21
17
46
47
20
-18
-46
-46
-19
19
46
46
18
-20
-47
-46
-17
21
47
45
16
-22
-47
-45
-16
23
48
44
15
-24
-48
-44
-14
25
48
43
13
-25
-48
-43
-12
26
49
42
11
-27
-49
-42
-10
28
49
41
9
-29
-49
-41
-8
30
49
40
7
-30
-50
-39
-6
31
50
39
5
-32
-50
-38
-4
33
50
38
3
-33
-50
-37
-2
34
50
36
1
-35
-50
-36
0
